505.54
187.28
522.31
115.94
544.75
123.67
527.62
230.21
205.16
362.12
183.36
144.07
222.83
388.30
201.62
522.31
399.09
259.36
422.29
401.18
377.92
136.86
231.82
219.50
384.26
204.53
246.91
229.89
214.09
411.94
358.26
364.66
368.92
189.77
211.85
172.24
330.05
127.70
382.67
329.51
137.29
204.34
166.95
258.01
169.54
137.29
426.19
189.13
262.88
314.16
399.09
361.78
166.38
399.09
361.78
343.71
422.29
366.57
141.79
425.87
166.31
213.67
284.78
188.31
411.94
270.98
324.29
407.63
432.64
479.56
294.68
278.99
146.15
522.31
194.40
393.30
184.93
374.74
368.29
226.83
168.40
197.78
197.78
187.28
233.12
413.99
214.09
207.60
182.17
342.56
204.34
342.56
397.22
183.36
327.79
255.89
350.06
233.59
262.83
324.46
818.12
1534.82
850.63
1732.88
1335.05
612.44
1412.62
1464.92
825.77
1462.52
708.59
1579.61
1433.47
1617.77
1528.15
1529.57
767.79
727.56
1277.93
713.77
1658.68
1638.89
784.05
1122.45
704.55
1691.57
801.59
628.31
621.61
794.16
1501.85
995.54
980.35
616.46
1449.93
711.80
1168.42
1430.78
1530.88
883.41
685.73
1131.51
1175.09
808.53
1081.95
1408.65
1650.40
1458.76
764.57
1497.54
741.20
1445.07
1109.33
1533.54
1369.91
984.46
1125.67
1273.21
722.92
681.00
1297.95
531.19
1029.62
993.63
1497.18
1390.92
762.08
628.40
1722.27
427.39
702.44
909.54
839.56
1272.40
1338.13
1426.41
1545.49
811.23
694.13
704.27
1560.73
1305.84
1027.02
1734.96
1097.17
1131.61
740.95
764.57
1009.77
1451.86
1568.06
1305.25
985.42
581.41
520.58
1253.59
1049.81
695.85
725.84
900.26
1889.24
1582.10
1574.37
972.87
1554.40
2057.67
1181.81
1002.16
1224.00
1709.33
1657.41
1416.62
1615.63
1111.40
1767.27
1737.47
1619.15
1128.35
1819.62
1644.24
1006.58
1509.74
1867.56
1725.52
1790.51
915.51
1316.40
1775.11
973.30
1651.70
651.24
1594.91
1143.73
1082.79
1100.80
1771.25
1164.20
1617.01
1657.56
1641.72
1206.34
1588.23
787.14
1666.44
1714.69
1860.35
1965.79
1784.40
1637.31
1803.86
1233.90
986.17
1873.23
1601.56
1897.11
1191.53
1481.42
949.58
1634.17
1287.87
1548.53
1135.79
1864.33
1282.96
1589.13
1772.02
1784.29
1224.75
1528.16
1884.67
1690.91
1883.97
1541.86
1184.25
889.84
881.64
1913.85
1354.75
1563.71
948.18
2046.40
1181.09
1503.94
2045.31
1568.94
1842.98
1789.84
735.25
1610.06
1188.35
2020.67
1967.71
2164.17
1944.97
1139.28
1509.39
934.76
1808.93
1677.89
1653.19
1440.56
907.47
1326.90
738.01
1461.27
765.93
877.08
1496.01
1423.60
1485.74
891.17
1209.21
1217.01
1128.72
1212.34
848.32
1077.51
623.79
1116.95
1039.55
1524.00
774.83
731.66
1510.83
1582.28
1092.72
1119.98
1596.09
1108.06
1053.59
652.21
709.82
639.56
1866.01
1279.58
763.92
751.01
606.03
1025.12
1080.62
734.13
862.98
1225.08
1261.57
849.46
1170.08
1318.76
648.23
873.56
1165.38
1662.50
1031.88
655.33
1165.38
605.85
704.83
1412.35
1387.50
569.65
745.72
743.20
1153.97
1766.63
1296.76
641.31
1588.48
1491.66
671.92
721.74
1117.10
999.05
1127.51
1379.80
1276.75
1238.86
1074.63
1450.11
631.47
676.61
1213.04
781.72
1051.82
1327.95
549.92
1187.93
734.46
1868.29
559.93
952.48
1440.86
648.20
1035.58
655.16
1430.36
1825.83
1064.63
1344.97
785.38
1115.86
1729.59
765.80
355.65
700.16
652.95
543.76
437.42
588.52
732.52
390.52
930.43
516.62
685.41
594.08
717.79
628.45
517.64
1006.75
554.66
970.74
449.99
866.27
437.73
683.60
666.28
615.56
647.87
812.19
543.77
485.63
985.93
478.80
588.44
787.55
683.45
476.35
1126.34
833.41
726.99
662.11
646.95
861.16
776.90
446.57
242.11
492.24
964.06
559.41
596.34
794.88
575.58
300.23
328.20
341.10
756.44
1165.45
623.87
923.91
800.47
420.49
880.03
853.02
767.76
801.60
640.93
1128.81
465.28
893.72
1083.76
1170.78
362.28
770.53
861.99
1127.05
1080.89
721.70
798.50
1025.88
1183.40
839.42
395.44
444.37
735.24
311.80
351.68
740.12
636.03
1163.86
778.13
741.73
1227.73
491.25
654.63
422.58
729.71
343.02
352.95
1021.24
752.08
764.38
820.27
947.98
766.18
636.25
294.67
1030.41
219.85
822.33
555.47
773.07
642.80
788.54
761.12
597.40
418.28
315.93
769.36
772.36
1145.50
787.24
419.13
1014.88
784.00
1186.64
386.68
521.39
453.37
627.08
778.19
798.30
400.90
595.59
972.82
791.66
659.64
318.09
886.13
1105.40
348.39
1227.89
577.89
938.63
1017.40
730.93
299.58
441.36
384.09
1118.46
1213.93
386.32
789.59
1506.46
1208.25
1296.46
1426.30
1270.38
537.32
684.76
742.97
1131.03
1377.07
786.35
1408.12
901.92
626.69
1380.96
714.03
689.93
613.78
866.21
1358.46
582.44
571.18
718.47
1477.20
1243.18
780.51
1469.61
732.89
1314.03
563.13
671.21
1148.94
594.61
565.78
784.37
1464.04
1357.75
884.90
1162.47
1292.18
1482.18
886.02
1155.01
1484.54
803.76
919.29
1396.97
1248.97
727.39
1173.09
1484.92
716.67
1554.02
1408.15
580.69
1354.66
707.97
584.21
725.08
1471.11
815.95
1123.22
1128.71
1486.77
1320.18
804.49
1149.21
1349.84
1483.52
708.61
1501.27
492.42
1325.86
516.93
863.29
1345.16
1357.56
740.43
1478.16
1070.15
784.77
509.93
780.88
1511.63
896.29
671.73
1485.78
1414.04
809.34
1464.35
552.75
1085.98
654.99
892.73
913.04
1189.41
580.65
1246.39
1426.60
698.65
1913.28
2027.33
2102.75
1830.78
1768.22
2072.81
1970.11
2018.38
2139.19
2021.38
1941.98
1906.21
1675.26
2005.44
1851.96
1982.84
1805.17
2036.81
1879.02
1868.18
1781.62
1755.27
1974.08
1974.60
1965.63
1948.80
1945.73
2092.97
1779.45
2027.38
1766.65
1908.84
1994.12
1940.17
2155.09
1781.10
1837.30
2024.85
1885.89
1750.66
1912.32
2050.81
1993.24
1782.85
1772.25
1902.66
1883.24
1786.93
2200.46
2131.35
1838.78
1964.25
1903.41
1934.36
2044.68
1826.30
1999.59
2187.33
1880.53
1956.77
1843.14
1852.82
1819.01
1865.61
2020.52
1876.63
1974.97
1798.70
1949.38
1831.25
2154.69
1968.15
1880.77
2034.64
1825.57
2150.22
1864.67
2078.17
1976.31
1912.70
1954.67
1721.27
1943.32
1911.40
1381.50
1941.84
1871.51
1904.69
1933.09
2047.69
1209.08
1994.70
2167.93
1844.02
2061.62
1793.53
1900.89
2151.10
1180.13
1843.96
1314.02
1180.90
868.93
1907.43
1473.72
804.81
1287.52
1333.55
645.67
1242.83
2139.39
1541.75
1887.92
1758.93
1525.82
2046.53
1766.62
1811.23
1796.40
1375.50
1325.42
2236.10
1778.98
1783.59
1435.06
1439.93
1580.27
831.31
1945.90
1442.77
1676.79
1576.68
1849.22
1105.70
1496.35
2056.60
634.25
1811.93
1652.72
448.36
1895.27
2024.92
1070.82
677.49
1379.11
1744.77
1870.10
762.44
1628.35
1422.29
1497.14
1467.69
1236.54
2122.00
1611.55
1003.69
1514.40
1936.69
1201.14
1864.61
1347.27
1130.06
800.03
153.29
1273.12
1226.05
1121.43
1881.81
1330.57
883.97
1444.40
1405.11
1423.60
558.23
1495.46
1611.66
1395.08
1626.57
535.72
1582.37
1254.76
1005.02
1496.32
1920.82
595.31
1614.32
1550.19
1610.25
975.83
1771.63
2063.04
657.70
1430.40
1325.37
1520.50
1670.17
1751.71
1275.96
1036.24
1238.42
1452.28
1778.00
1529.31
1740.68
1804.16
1786.15
1816.58
1811.13
1404.52
1731.26
1386.44
1210.34
1224.69
1486.35
1490.74
1302.59
1466.09
1443.95
1397.86
1602.83
991.04
1694.01
1773.48
1095.95
1249.21
2182.15
1223.88
1640.27
1553.54
1881.79
524.34
1430.62
1358.99
1103.28
522.80
1456.39
1114.51
1202.16
1725.69
1277.84
713.71
1374.43
791.60
1774.85
1038.32
1875.45
1942.68
1118.72
1007.78
1755.98
1606.14
1551.07
1890.32
2122.17
1391.94
723.80
1566.62
583.59
1298.99
1922.42
1919.37
724.28
791.22
1282.26
1588.40
1052.03
776.20
1707.08
1410.67
2063.85
1854.25
1891.64
928.91
1751.03
1178.43
1389.11
1699.10
1956.00
1685.13
1592.76
888.27
1761.37
1908.87
1546.55
1614.44
1420.42
677.52
1061.49
708.95
1435.87
1923.69
1931.26
1219.90
1462.15
1104.67
1455.14
1658.90
1752.51
1355.13
1683.17
1505.59
1337.08
1913.39
1530.90
978.08
1620.25
1397.60
1553.48
1648.13
1921.10
1505.71
1705.93
1754.58
1490.66
1618.97
2169.55
1843.52
2028.63
1551.43
926.25
1174.57
2138.14
2008.63
1908.79
1359.96
1642.86
883.71
532.04
1438.20
1547.83
1097.63
1002.32
1302.53
1823.73
1983.38
1636.50
1799.72
2030.67
1966.99
1776.40
1514.08
1673.31
1863.90
1535.63
1991.38
1516.69
1329.69
1935.56
1775.21
1846.99
649.22
828.98
1866.99
1588.64
1736.33
2046.53
1580.80
1813.84
1601.84
1909.71
1271.80
1808.61
777.99
1595.45
1661.47
1018.55
1203.54
1537.11
961.34
1938.85
1663.02
817.97
1618.07
1770.02
758.09
1247.63
1632.39
1770.23
1797.88
1417.99
1003.29
1122.10
1009.13
1486.20
1433.36
778.09
1150.26
1108.31
1085.06
1832.93
1545.47
1006.08
1800.01
1259.14
1177.31
1539.43
613.30
1330.48
1206.35
1715.08
811.86
1344.69
958.15
1861.84
1436.37
1443.45
1848.12
1693.92
674.12
1862.55
1727.69
1127.96
1217.73
1683.70
1596.23
1165.93
1729.13
1733.33
1704.63
1632.47
1456.39
1736.41
662.03
1461.13
1221.42
1609.68
1186.89
1611.52
1784.31
980.51
1484.81
1295.48
1853.45
1578.64
1372.93
599.92
1193.87
1991.99
1661.98
782.89
1756.24
1465.57
1288.44
1754.61
1531.77
1435.59
541.83
1124.62
1827.53
1769.08
961.13
964.46
1793.93
1160.35
1390.59
1759.35
1646.91
1498.37
864.74
1788.34
1602.24
1745.15
1798.04
1459.84
1464.26
1602.01
1934.81
777.32
1673.86
1697.62
1559.60
1418.93
1782.96
795.74
1691.56
1465.81
1862.59
2096.34
1565.09
1479.05
1460.50
1770.23
1721.44
909.17
1062.26
1098.81
1285.54
1465.59
1790.48
2137.36
1522.45
1170.77
1329.02
1182.96
1521.71
1342.92
1971.40
1692.19
1784.02
1196.34
1624.16
1547.34
296.76
2175.67
1405.70
1672.10
1630.99
1883.07
1913.12
898.77
605.79
1203.08
715.63
1793.91
1191.80
1946.49
505.59
1402.49
1692.24
1585.19
1580.15
1543.32
1295.29
1778.56
1139.28
1633.15
1678.06
1518.16
1990.97
1683.15
756.07
1572.28
630.97
1652.41
1227.16
1748.57
854.99
1501.69
1391.21
941.71
1585.65
961.68
1652.37
1667.46
1646.61
1949.77
1805.47
1531.69
1238.44
1113.11
1692.84
1236.35
1613.64
1390.31
706.30
1165.93
1423.57
996.74
1748.78
1342.53
2026.71
469.00
1847.28
1437.87
1860.75
1591.76
364.85
847.23
1804.00
632.46
1007.21
1523.80
1513.07
1764.75
1341.21
1775.32
1353.03
1793.22
773.70
1505.62
1379.48
1209.70
1518.16
1514.25
1572.06
461.26
1231.95
755.31
1453.92
1606.44
1052.06
1147.34
912.91
1254.17
1141.37
1555.92
1881.23
1955.36
1971.11
1354.39
1946.62
1788.98
1031.01
1248.43
754.90
1094.67
1530.27
1166.62
1751.42
1764.18
1542.13
788.38
1551.65
1257.79
1654.14
1739.53
1966.74
1227.76
1671.07
854.99
1627.34
1113.58
1103.20
1681.40
1366.75
1656.59
1864.25
956.42
1241.53
1575.41
676.55
1615.80
1396.45
895.45
1862.91
1501.20
2117.96
1192.43
574.99
1117.51
1477.24
1849.00
1791.57
1721.55
1402.97
1092.33
1634.47
1661.62
1363.40
1504.54
1924.51
1405.70
1641.48
1380.15
1728.97
1857.71
1788.14
1841.48
1189.93
1111.62
1047.64
1448.88
1594.58
959.28
1867.67
1525.72
836.48
1471.21
1993.44
1466.63
1146.80
1061.69
1417.71
1212.00
789.37
1351.25
778.77
1387.81
1271.96
1197.52
1598.23
961.02
1330.58
1242.49
1040.84
1488.69
1552.55
738.50
1720.52
1139.17
552.68
1385.10
910.44
1481.39
1201.55
1646.61
1225.98
1491.70
1295.12
1735.29
1203.90
1619.69
1181.61
1598.81
1952.03
2108.17
1615.60
1294.66
635.84
1755.36
1524.25
1511.38
1435.36
1593.26
1949.40
1532.98
1558.08
1504.91
1124.27
2063.06
1798.47
1815.83
1164.60
1429.95
1719.87
1594.47
1479.62
644.93
1802.60
1330.13
1763.37
1411.30
892.92
1675.49
1823.53
1406.17
1965.42
1468.50
1567.61
712.75
1483.83
2048.57
1506.09
1705.79
1771.78
1727.38
1494.77
1861.29
1531.78
1534.98
1486.79
1590.96
1578.73
2223.79
968.66
752.32
1829.46
1511.94
1283.36
431.94
1351.95
786.41
918.89
1806.68
911.21
1550.22
1771.00
1746.75
1385.61
1895.76
1462.13
1194.14
1450.08
1835.79
1542.54
1682.57
1018.82
1458.89
974.61
1558.18
1511.83
1189.55
1499.83
1746.53
1667.40
1104.19
1713.70
1482.00
1658.80
1782.13
1124.32
1956.64
1521.01
1794.12
947.09
2109.22
1600.21
1986.62
1339.82
1101.91
1950.76
1791.92
1516.56
1016.62
1364.80
1799.67
1500.84
1609.91
1395.84
507.10
1668.73
1145.49
1171.14
1210.80
2235.27
1295.74
1408.69
1709.65
1046.86
692.17
1411.16
1504.10
1388.81
1573.10
969.60
1024.88
1434.03
1473.47
1477.70
1535.36
1810.16
1420.44
1224.61
978.89
1488.85
1771.18
1663.51
1414.85
1510.14
786.70
1229.09
1006.28
666.65
1333.59
1621.35
1630.13
1825.29
1295.69
1707.30
905.29
1572.06
1858.77
1064.53
1971.75
1219.42
1889.68
709.74
575.33
1525.52
1081.31
1797.96
1285.57
1823.39
1540.07
1496.31
1596.10
1174.54
864.61
1791.81
1718.36
604.03
1170.27
764.40
1087.82
877.44
1471.62
1485.22
1564.03
1943.26
668.20
794.04
510.25
1447.60
1113.74
1551.74
959.72
2121.98
1586.27
301.80
1543.61
1184.28
662.76
1198.05
1507.79
866.14
1868.03
1803.88
1792.67
976.07
508.75
1442.90
1026.36
1454.34
1539.04
1176.13
1648.32
397.12
658.78
1698.28
1688.92
801.40
955.58
1160.69
1444.18
1424.62
1424.22
1774.16
424.17
1291.51
895.43
1547.46
1709.38
1772.68
1683.40
1541.25
1890.69
1448.62
1935.73
1220.86
1598.90
823.17
1450.24
1315.53
815.61
1603.63
1693.82
1616.51
1679.79
1488.89
1702.88
1483.95
1219.21
1421.98
1161.01
910.54
1747.80
1614.01
1506.02
1436.72
2131.57
1786.89
1749.55
492.86
1140.59
1221.42
2073.34
1498.88
1103.96
1503.10
944.47
1921.50
1695.13
2147.07
1578.55
1572.67
959.75
2035.23
1667.92
495.56
1315.39
858.16
1361.87
1558.42
1429.92
1466.89
1622.36
1426.84
1812.92
1513.08
1092.12
891.27
1627.31
782.35
1457.59
1550.22
1075.99
649.15
886.06
1404.28
1124.12
1654.65
1118.03
1820.24
1698.00
570.51
1533.22
1474.48
1424.18
1419.19
1370.69
1838.74
1511.40
1895.74
2096.37
1915.30
1558.44
1384.03
1074.98
1396.44
1449.17
1713.12
1754.87
575.49
1831.45
1877.85
1869.46
1728.08
1303.18
1354.84
1148.17
1236.87
1768.71
785.80
284.61
1007.38
538.86
1370.99
1071.31
908.27
728.98
840.57
1530.21
1481.17
615.56
1304.56
1796.86
860.59
1776.31
1861.29
1494.73
1721.88
446.91
1434.39
1469.93
988.96
1251.49
1299.71
1153.69
1995.26
943.46
1518.28
719.97
2193.79
1155.19
1918.13
1269.18
1426.32
1225.92
1563.15
712.70
1221.93
493.62
1447.77
1699.77
1864.51
590.75
1744.33
619.08
1030.17
977.35
1199.86
1712.00
1432.13
1461.14
1586.47
928.26
612.36
1137.46
1941.35
1781.55
1174.65
1982.33
1919.17
1715.62
998.12
1594.92
1493.72
784.95
1516.40
1097.51
1605.78
1355.07
1350.74
1595.29
1550.76
1443.42
1627.57
1696.08
1647.37
1486.62
1212.92
1538.28
1764.97
1134.25
1750.91
1160.94
885.19
1644.83
1527.55
1954.31
962.99
1185.82
1346.37
1078.94
1808.03
1332.90
1985.53
568.85
1364.92
1481.75
1370.03
1440.82
1770.47
1959.25
1516.99
1123.34
1300.83
1724.37
2108.59
511.79
1988.59
731.20
1034.65
1747.69
1045.54
1523.54
558.20
1851.39
1561.99
1990.90
1978.78
1356.49
1654.33
1551.19
1983.53
1672.79
1476.91
914.82
870.83
1618.10
772.60
1737.06
1511.84
1360.36
2218.93
1626.99
1637.88
1597.59
1083.29
1738.24
1789.09
1934.16
600.59
1092.72
1086.57
1411.51
1764.68
1758.78
1505.08
1883.48
1662.17
1486.45
1602.69
1824.74
1550.22
1830.36
1005.57
1305.46
1028.56
1738.41
1086.25
1752.11
658.32
1309.77
838.84
1189.49
1211.32
1132.43
550.29
1475.97
1437.22
1617.93
1212.05
595.55
1137.09
1589.87
497.69
640.35
1690.44
1730.32
1413.09
1709.57
1663.89
1713.14
1598.59
1656.28
1602.16
1382.67
1791.18
1597.60
1224.84
714.74
1203.90
1057.73
1477.22
596.02
1554.61
1859.84
1650.54
1324.15
1443.71
964.11
1746.96
2159.42
1231.78
1193.73
1806.94
1235.27
1360.84
1459.61
1618.94
991.23
1108.23
1842.96
1800.64
1912.78
1471.45
1614.48
1823.78
1562.54
1984.94
1730.39
1690.41
1771.21
1377.29
1839.61
1405.44
1567.86
1341.46
1501.65
1585.07
1506.40
744.48
680.65
1734.66
1605.07
1208.51
1050.77
1139.75
1514.10
1292.90
553.85
749.95
1612.20
1735.29
1577.32
1453.40
1995.24
1930.92
1889.06
1216.06
1499.19
897.09
1107.82
983.39
1772.29
614.84
1568.38
1011.75
1621.92
1220.73
1406.17
1622.85
1042.40
1546.77
1783.83
563.11
1499.83
1224.35
1445.37
1354.57
1574.99
774.91
1365.76
1725.65
199.19
778.43
1898.95
1605.05
737.91
1207.52
1864.04
701.70
720.54
1948.99
1766.39
1635.11
1807.40
1770.66
1304.84
1587.26
1298.92
1800.90
1609.28
1595.82
1608.18
1978.83
640.22
1695.80
1345.88
1571.33
1548.25
853.35
1241.72
1501.33
1528.10
768.37
1456.16
1892.51
1458.23
981.41
1477.42
1354.57
1626.47
1851.96
1912.71
656.69
224.38
903.09
1666.35
1805.48
1180.75
1700.37
1508.91
1781.07
1712.56
1769.48
578.95
1784.53
1927.09
1539.99
1720.94
1952.06
1323.16
1892.93
1454.32
1216.31
1474.68
926.11
1735.68
1538.69
1813.52
1228.50
1462.83
332.58
1917.62
1458.80
1420.71
522.32
843.46
1839.81
1549.97
1754.31
1054.86
1761.67
1451.99
802.93
1884.13
1268.53
917.42
595.55
1328.14
1991.80
1860.18
1426.55
630.97
1235.60
1161.01
867.56
1708.46
1276.42
1282.42
1338.93
1554.06
1529.58
1761.89
880.11
1258.68
1882.71
1653.08
429.61
1752.94
1534.40
2114.11
1770.37
899.45
1109.44
561.95
1712.33
1627.40
846.46
1061.57
1674.14
656.21
1093.46
773.11
1742.38
1539.23
2139.94
990.30
1241.74
1276.81
1608.09
1939.65
634.54
1921.61
1292.20
1448.31
689.60
1559.78
1551.70
1949.03
1793.53
742.97
1660.29
1219.35
1863.26
1548.98
1587.23
1684.64
674.78
1204.56
1132.60
895.14
1498.79
1414.99
1770.69
1457.61
1402.27
1416.10
1314.23
1406.00
1497.38
1929.25
1001.69
1795.27
1592.19
1646.90
1506.57
1210.81
1482.27
1957.14
1716.56
856.08
1565.66
1524.12
2126.80
1683.73
1679.24
1761.65
1401.85
1503.90
1646.46
1752.51
1107.38
1557.96
832.02
1732.71
1755.85
505.51
1613.58
1933.84
1791.72
1289.19
1239.78
766.84
1222.12
1771.80
1159.75
1816.27
1162.18
715.95
1394.67
1587.94
1330.92
1782.10
1250.54
355.68
853.42
1829.75
2021.09
1651.00
1731.50
1931.23
1353.33
1509.88
1611.40
1637.36
1361.21
1482.38
1472.22
1688.67
1141.46
1531.93
1486.65
1167.16
927.89
722.63
1821.37
1229.07
1528.45
778.13
1086.34
1496.21
1599.12
1185.31
1334.97
1729.61
768.20
1877.80
1028.54
756.00
1696.11
1058.53
1701.27
1914.05
1037.42
1815.00
1872.77
1896.72
793.95
413.90
944.23
1534.86
1754.05
574.59
1822.01
1804.54
1297.95
1637.34
920.54
840.60
1691.12
786.70
108.95
1326.25
1871.61
1770.21
1662.17
1943.21
1668.04
1981.60
1668.94
1404.59
1254.35
1678.30
735.11
1491.88
1469.58
1805.47
1253.58
1568.55
1168.30
1530.65
1545.19
1367.27
1365.99
1062.92
1788.83
1143.55
1703.31
2029.21
746.98
1800.42
117.87
1810.94
1377.78
1705.34
1768.51
1065.91
1811.18
1814.23
1600.09
1600.51
573.24
1555.27
1695.38
1563.69
1348.69
1776.32
1094.79
1886.82
1589.58
1314.76
207.07
1888.65
531.48
315.59
1276.62
912.67
1746.81
1778.80
1500.72
1803.00
1623.02
1505.81
1560.08
1132.79
833.27
1682.24
1163.99
1603.54
1427.73
1329.20
1684.45
1586.09
1535.42
678.55
920.27
1503.99
1831.00
875.20
700.13
1193.20
1228.54
1275.84
1073.74
1653.41
1520.81
1829.44
771.15
1755.63
838.11
1976.85
1970.19
1492.53
1185.32
1496.90
797.26
1938.85
1332.35
885.20
1651.17
916.24
934.26
648.43
970.62
548.73
1914.09
1925.83
1587.93
1361.72
1164.57
589.74
1482.97
1701.81
1174.83
439.63
1545.80
1673.75
572.35
1392.47
838.70
841.33
1345.48
1974.61
778.27
396.03
1279.66
1862.66
1404.60
1822.76
1952.11
1072.53
1682.59
1949.59
1292.79
907.36
1051.90
1708.95
1361.09
1606.43
1044.55
1589.64
2132.23
1615.85
1108.06
1939.43
1985.77
1379.55
1685.14
1482.00
1009.79
1846.39
1373.42
1182.67
1561.26
1743.02
1501.72
524.75
1499.24
803.50
1003.42
211.56
1672.52
1916.23
1733.49
1205.29
1367.41
1734.27
1961.30
1596.20
1272.42
1508.71
634.09
1832.19
1910.35
1043.20
1778.33
1220.64
1776.97
1912.30
1691.98
657.78
851.08
1490.90
1870.41
1479.42
1231.85
924.11
1435.36
1105.42
1787.75
1575.55
1797.34
1606.27
1087.11
1844.19
1528.81
1678.23
961.83
1578.76
1095.31
950.80
1508.39
1699.22
1543.13
1529.32
1934.20
1168.29
802.77
992.79
1753.69
1529.67
1632.78
1395.20
1290.49
1313.59
664.90
2006.02
1072.23
1932.46
931.87
1554.39
550.47
1464.78
1216.43
1003.38
390.76
1710.24
1726.69
657.80
1125.69
2054.58
1847.80
1207.74
1854.43
1483.88
1578.92
1672.93
1513.00
2057.62
943.15
725.95
1956.75
1677.62
1564.44
1882.03
2153.37
1523.88
1666.59
1558.42
1428.84
1194.65
1256.03
1277.29
1518.13
1483.31
1941.43
1543.58
1536.52
1638.83
1648.51
1108.79
1788.25
1053.36
1431.99
1380.00
1638.68
1969.05
573.26
1081.98
1391.87
1911.92
1769.03
1193.99
1951.52
1657.39
1661.61
1802.52
906.47
926.88
1820.99
315.00
1853.67
1977.78
1851.34
1739.92
1556.96
1530.10
1512.89
1794.62
272.42
1642.00
1226.13
1154.61
1924.47
1101.43
1108.63
1487.03
1544.62
1603.97
1490.50
1585.45
1497.50
1834.31
796.08
1386.66
1190.43
1067.49
740.57
660.01
935.28
1566.45
617.43
1473.60
856.99
1532.94
1858.63
1900.53
1554.06
1886.25
1510.70
1354.01
1669.79
1927.78
1201.31
572.51
1179.54
1799.19
1590.25
1927.71
1961.56
699.70
553.95
1758.86
1070.09
1772.29
938.92
1876.28
1219.13
1569.48
1161.12
1238.39
1256.34
1560.22
1889.25
1308.45
1957.77
1477.24
1479.39
1578.98
1671.20
1938.86
1674.66
1579.38
1287.03
2142.88
1123.19
796.24
1483.11
1220.66
1648.43
865.36
1325.29
1277.91
1679.17
1676.05
1986.26
1208.20
1474.62
1542.19
566.48
1630.23
1570.18
1804.74
1874.65
497.54
589.25
1693.29
1816.76
1106.20
1880.72
750.44
1152.52
1391.72
724.02
2123.27
1443.03
1111.35
1761.67
1295.71
1470.30
1013.71
648.24
1495.79
1572.30
1797.52
1501.46
1651.68
1636.87
1242.52
1864.35
1601.46
1455.06
1930.36
344.50
1739.60
1231.27
1619.13
643.91
746.62
1851.49
1801.98
1281.17
921.81
1588.07
1914.05
1691.46
1324.08
1669.44
1664.92
1198.91
1825.15
1600.78
1474.22
1176.93
1283.15
849.78
1750.14
1965.36
1538.23
1951.73
2182.65
1807.15
1509.03
1683.53
727.44
887.63
1510.27
770.79
1542.57
1412.33
1852.33
1089.06
1791.48
1675.51
1596.19
1725.48
1533.59
1771.35
215.38
965.34
716.32
1376.06
760.51
1870.47
939.17
2107.45
1599.89
1393.61
1091.60
525.65
983.49
1553.89
1467.98
1660.36
1023.14
782.48
1430.80
1332.57
1503.15
966.84
953.96
1639.71
1433.57
1900.12
974.62
1137.32
454.76
644.75
1791.71
1460.65
1755.48
1525.60
1566.82
1556.09
1839.52
1837.53
1211.37
1903.07
1541.68
1554.78
644.71
1387.56
1770.34
363.52
1845.80
1864.35
1140.20
1507.32
1066.50
1852.39
1180.33
1475.25
1512.46
1522.05
731.78
1706.52
1590.28
1649.54
899.21
1045.60
1911.37
626.63
1741.72
1944.49
967.03
1503.65
1876.49
1479.33
774.10
1816.50
1178.91
1253.88
1179.51
1773.58
1036.37
1329.47
1978.14
1519.19
1186.64
1679.82
1592.60
1349.57
1055.85
1475.39
1106.45
748.35
1309.03
1462.77
402.15
1634.73
437.83
1548.29
1177.83
1757.71
1596.48
1843.19
1487.41
1532.70
420.34
799.24
1491.78
1865.08
1161.81
1617.95
1972.52
1592.25
1467.44
1496.32
1176.95
1575.74
441.01
2188.03
1451.17
982.09
772.28
655.61
1811.33
1403.88
1437.67
1900.41
1812.58
1292.28
1617.62
1560.69
1083.24
1988.19
1664.66
1610.14
1589.66
1507.71
2047.77
1488.25
1696.13
947.80
921.41
1721.99
1789.73
1463.79
904.18
2009.45
1341.42
1561.81
1628.11
1545.83
1505.81
1199.14
1560.72
1379.11
1889.99
1246.16
1791.11
1687.61
1470.88
2138.02
1137.22
1335.04
1666.81
1590.62
1474.57
872.48
1115.50
1704.02
1448.57
1830.33
1613.52
1278.55
991.20
1145.27
1150.32
1923.03
1537.20
1212.77
1831.72
1463.79
1748.91
2033.02
1954.10
1625.81
1571.05
1632.50
1162.44
518.94
1693.64
2055.19
1823.19
1641.96
2255.29
1635.83
1864.16
1402.10
1096.00
1312.66
1759.41
1617.02
1614.28
1183.10
1636.32
1721.57
965.09
1783.69
1448.71
1939.84
2097.10
1266.74
864.41
1637.92
1798.96
1845.66
1677.30
1034.70
1956.81
1842.30
1819.86
1501.60
1593.58
1961.56
363.41
608.59
1416.15
854.75
1393.97
1072.30
1767.45
1077.67
1201.80
1141.68
1196.73
1700.60
1697.47
1329.13
1201.20
1733.31
1062.80
1531.08
948.93
1977.77
1518.04
1504.18
1375.37
1521.05
1710.48
1402.63
1258.51
503.82
928.52
1570.96
895.94
1474.07
1585.09
1657.11
2081.83
1898.72
1740.79
1567.87
1675.31
1432.95
1896.49
1562.97
1566.62
1812.62
1927.68
1543.54
1739.25
1598.06
1573.69
1800.26
1033.18
1222.74
2087.32
2073.92
1580.31
978.92
1675.29
1960.26
1559.46
1626.85
1064.31
1987.08
673.64
1703.65
734.23
1278.25
1619.04
734.84
1507.72
1594.20
1888.94
1762.65
1630.39
1221.61
1087.82
1389.63
1865.05
1809.51
1521.21
1706.29
1356.22
880.63
1705.61
1332.86
1606.10
1326.27
1548.24
1845.24
1971.40
1977.08
1510.44
907.70
1874.46
1187.15
1662.19
1280.70
1747.69
1164.05
1008.21
1180.90
1734.42
1458.90
1566.67
1131.45
1699.39
1564.81
1772.09
1985.35
1813.33
532.48
1400.84
1083.14
1421.31
2180.90
814.93
1608.46
1876.09
1205.30
1311.75
1798.77
1799.79
1512.16
1717.53
645.03
895.25
1128.03
1514.64
1635.14
1683.11
1610.81
1576.25
1387.60
1554.78
795.98
1614.75
1836.40
1900.48
1877.45
1771.51
1535.39
891.29
994.79
1525.30
725.06
1507.31
1526.09
1582.72
908.75
1707.83
1947.74
1102.54
1142.64
925.28
924.30
1724.78
1305.18
1749.10
1920.89
1530.82
980.60
1406.61
904.29
1392.98
1678.30
1077.12
1570.33
1502.37
1103.15
885.65
1464.12
1087.35
1852.39
1314.07
1276.06
1765.42
1395.00
857.64
1239.77
1536.42
936.00
643.28
809.87
539.71
1341.05
1789.93
713.31
1628.65
1577.17
1601.61
1566.18
1792.63
1917.44
895.77
1491.87
2090.81
1598.82
1803.15
1285.46
1368.53
1748.37
1263.75
1225.08
1179.41
1592.93
1730.22
1499.86
1142.43
1665.19
709.02
1111.84
967.25
1600.61
1093.74
1452.49
863.73
899.82
1440.07
1018.29
871.90
526.62
1565.52
771.77
813.63
1901.98
707.35
1982.23
1302.19
1611.78
1836.42
1520.12
860.98
1773.16
1764.33
1751.15
657.01
977.07
1030.98
1687.00
561.77
1481.10
1700.87
1464.09
1911.29
1124.42
1112.41
1714.61
1566.12
1964.61
1988.44
1553.21
1687.06
1685.03
726.67
1571.29
996.87
1767.16
933.13
298.20
819.89
1191.91
1744.82
1863.49
990.82
1534.27
1337.85
928.30
1408.69
1670.96
1569.09
1620.48
1826.69
757.72
1558.62
822.25
1804.45
1188.02
1205.20
1006.68
1991.20
1392.29
1295.74
1784.08
1676.45
1220.42
1819.43
1524.72
1627.92
1940.78
1779.23
1177.40
1525.64
1413.63
1652.65
1253.92
1693.67
1093.57
1582.33
1657.94
1886.97
1819.29
2115.60
2163.99
651.22
1499.93
1697.65
1507.68
696.79
763.75
1138.67
2049.06
1322.75
1447.77
1761.40
906.60
1617.17
1594.09
1737.84
524.36
1078.20
1710.78
1768.72
908.70
1156.28
1985.98
1747.40
1710.35
1717.08
1432.15
422.74
1891.31
1468.81
1197.08
2240.04
1473.61
1776.03
1186.20
1567.76
1742.03
1944.64
1760.04
922.69
1689.64
1372.50
1596.79
1899.52
1355.57
1690.64
1336.14
1800.45
849.02
687.07
1069.02
1465.26
1764.54
1125.93
1856.07
1271.06
1517.28
1439.94
1374.36
812.21
1180.05
1940.74
1856.20
1245.73
863.20
1128.39
1499.83
2123.89
812.18
1740.17
1472.82
2103.67
1422.11
1979.02
716.64
1596.36
1407.43
1015.22
1440.57
1121.08
1086.10
1614.84
1138.07
1765.16
1454.00
1483.23
1684.20
1446.88
1527.77
1282.26
2154.91
1535.85
1472.08
1147.69
1179.09
1913.17
1579.39
1596.05
756.83
1474.73
1777.88
1712.08
1811.34
2029.90
863.52
1550.21
1761.71
1651.25
927.26
1841.96
661.26
1532.06
1540.51
1556.69
1225.69
769.70
1144.26
1736.64
1062.80
1604.42
1099.54
1496.12
1837.87
1277.92
1810.82
1602.42
1609.08
1713.57
519.00
1277.82
1169.18
1831.30
1845.65
490.96
1075.55
1378.06
1765.06
1907.90
1337.15
1891.92
1844.55
1085.95
1606.87
1936.91
1544.65
1484.47
1512.25
766.84
1788.72
1408.49
1320.34
1436.74
1774.07
1301.65
569.73
1424.71
1888.52
569.18
1512.30
1622.39
1383.00
1526.10
924.34
842.18
1728.83
1680.54
1217.12
1254.33
1908.71
920.66
1848.24
599.71
1590.36
742.24
1309.82
1438.44
864.30
871.87
1340.53
765.82
1805.70
1368.69
1189.05
1906.07
1292.22
1479.36
1419.89
1282.60
1406.31
1330.86
1445.09
1684.81
955.68
649.41
965.52
571.05
2001.39
1696.60
1304.69
1223.63
503.26
1225.04
1329.90
1466.90
1312.58
2206.29
1218.10
1353.02
1545.04
1743.95
1768.05
1609.29
1571.00
1326.10
1717.27
1919.50
1483.49
1639.89
1522.89
753.37
1692.22
1313.57
1144.09
1848.20
1905.38
1877.09
1208.86
1586.55
891.60
907.47
1810.00
1231.72
1607.43
490.49
1458.40
1776.19
766.18
1614.53
1691.35
1944.56
188.03
1374.14
2035.61
1973.35
735.09
1353.07
1644.27
1774.84
1701.61
1922.34
1393.13
1539.17
779.75
1527.59
1200.61
804.43
1438.73
182.94
1831.04
716.64
656.28
1592.54
1275.19
2200.03
1347.18
1941.97
2002.20
916.86
1987.81
1610.39
2036.75
766.93
698.93
1672.71
1524.68
1632.54
626.00
1655.22
2125.21
1169.92
1172.69
747.10
1741.86
1876.51
1672.68
2045.13
1603.11
1557.67
510.25
1161.38
1835.90
1944.08
1843.42
1815.49
675.79
1685.13
1323.62
1823.20
1290.78
1353.07
1649.66
1093.01
841.81
1890.60
1370.98
1570.36
1852.40
1421.98
1309.83
1493.91
1978.98
819.95
901.15
2017.51
1782.33
623.99
1702.74
1542.22
1545.43
1818.32
1768.43
1417.58
971.58
1710.71
1501.10
1586.03
772.60
1451.79
944.50
1482.62
1364.10
1472.90
1863.55
1695.73
1002.39
1656.41
1486.27
1213.48
1346.86
1779.81
1731.65
1682.17
1822.54
1518.49
1971.13
1679.02
1849.59
1890.76
1271.72
1324.96
1652.71
1195.46
1707.78
1690.65
1918.32
1504.37
1780.28
1976.25
592.10
1454.49
711.50
1756.65
1587.55
1636.55
1417.64
810.64
1353.36
1376.91
1462.65
1288.60
1810.02
1902.56
1274.07
2025.98
833.24
1526.46
1008.21
1538.88
1187.28
1172.16
1697.85
1474.24
1203.08
603.45
1450.94
1471.63
1472.85
1809.17
1739.04
1517.70
1735.56
1760.91
1516.16
1569.37
1216.13
1249.65
1458.88
1967.14
998.30
1001.16
1931.58
719.49
1801.18
1584.55
1489.13
1441.81
1749.28
1448.62
1859.82
1794.36
973.32
1764.63
1114.62
684.72
1479.86
925.64
1797.37
1900.58
1538.69
1460.15
1629.48
311.12
1575.35
1229.08
1351.68
1667.73
1020.69
817.58
1714.45
792.07
1408.44
1759.32
638.96
1543.46
690.09
738.11
1560.65
1566.39
1119.95
1664.46
1429.52
898.90
1919.28
1699.78
1556.07
1624.17
1387.08
1491.47
666.80
1735.07
1858.80
717.32
795.95
812.44
1704.81
1823.39
1129.44
1956.44
1224.22
1161.12
1992.99
1293.89
1962.07
861.42
1433.15
1554.60
850.67
1937.57
1289.03
1246.97
1742.11
1355.30
942.33
1805.09
1967.50
1617.35
1512.21
1176.24
1247.29
1309.31
1630.21
1274.18
1955.29
1511.81
1254.87
1235.83
940.81
1754.86
1603.06
1295.12
1477.10
1910.88
2155.35
742.90
1758.82
1721.68
777.63
321.98
1695.79
1325.01
1380.68
1148.94
859.30
1563.58
1743.12
1448.90
1710.43
1576.49
1482.72
936.60
1610.70
1011.00
1115.41
1536.24
1129.79
1055.72
708.28
941.00
1767.62
2034.28
1730.32
1754.68
1167.94
1688.78
1640.11
1248.50
1308.93
1988.60
1169.15
1634.01
1642.13
2003.49
1526.92
1358.53
1495.74
1975.40
954.85
895.35
1390.46
1577.31
928.91
1081.14
1113.54
1261.60
1791.60
1472.68
1364.98
1836.02
1555.87
1638.48
296.54
345.48
2026.64
1681.30
1058.67
1845.40
872.04
1018.04
704.35
1667.91
1146.10
2056.84
885.53
1480.98
1456.90
686.88
1828.98
1182.01
644.49
1327.31
1778.04
1617.74
1295.05
1909.59
1477.07
695.94
1806.89
2030.60
1432.83
2181.40
1291.04
2105.98
1204.06
1770.75
967.30
1504.85
890.22
1153.96
1449.93
1471.86
1384.75
1518.41
720.56
749.87
1521.79
1294.10
1909.61
1931.99
1615.34
752.05
1358.08
1147.80
852.75
1638.68
886.78
1518.68
1332.87
1439.88
1399.84
1745.81
1013.95
942.56
1784.48
1353.10
1888.85
1089.72
818.39
1827.32
947.10
1340.60
1625.33
1546.74
1257.31
195.94
1769.91
1370.85
1910.94
1284.26
1537.13
1345.62
1961.83
1742.76
1688.09
1566.15
1731.62
695.26
1946.45
1543.63
1515.33
1821.67
1811.43
1437.86
1321.90
1821.09
1790.71
1138.66
1759.86
1396.94
754.43
740.05
1565.96
1926.70
1113.72
522.34
1715.11
773.24
1549.97
1365.76
1170.04
1560.84
1535.72
1567.15
902.62
1752.83
1211.40
1168.97
1076.58
1496.78
1519.83
1537.19
567.94
1357.85
876.94
1785.22
1175.34
1620.64
1055.33
2110.34
1808.10
1233.57
1829.76
1236.29
1757.01
1549.96
1229.73
1484.50
1532.99
1339.87
663.72
1642.00
1463.20
1049.58
2048.07
1277.55
1823.90
1157.84
1468.76
1211.98
1946.81
1558.27
1916.65
1632.36
1517.34
1170.65
858.07
1654.78
768.25
1415.54
1107.28
1231.10
1167.74
2063.53
1817.41
1547.07
1161.92
876.66
1665.30
2151.33
1765.17
547.15
1216.98
1185.81
1585.21
1504.75
1586.52
1603.12
1509.63
289.39
1509.58
1770.82
1504.36
1692.90
1009.83
1937.74
1846.03
1053.94
547.47
2091.73
1193.34
1739.46
1744.25
1410.57
2066.86
1382.63
1758.39
1795.59
520.24
1371.45
285.65
1788.88
819.73
790.53
1791.15
1960.28
934.56
1401.75
1564.65
2003.41
1804.99
327.22
1607.95
1117.99
1933.25
1253.18
2061.40
1997.53
2023.41
1390.99
1601.85
1239.72
1483.02
724.24
1680.98
1490.92
984.13
1183.92
1721.67
1483.23
1754.45
293.57
1733.31
1684.69
1007.78
1119.17
748.10
1497.63
1239.34
1284.13
1249.91
1125.89
1565.47
1531.75
1150.41
1379.46
1609.42
1341.04
1551.01
1321.69
1781.47
1793.28
1148.90
1350.77
988.05
1624.15
791.65
677.43
1327.91
847.29
1826.33
1536.57
1078.68
1855.65
1179.50
1966.90
1380.27
1249.71
1420.61
785.51
1389.51
1337.95
1406.42
1869.64
866.55
1337.59
1477.16
1721.88
546.67
1482.35
1441.57
958.26
1915.04
1815.51
1071.95
1357.33
742.92
1729.64
1669.79
1395.79
1075.12
757.15
1971.91
1209.40
2016.58
1155.68
851.66
1952.71
1424.71
1554.48
1222.73
1603.13
1554.23
1339.17
1151.10
863.01
1431.35
1333.39
1118.00
1449.92
700.01
1429.35
1197.65
1311.77
1462.59
1706.39
1988.69
1620.69
1265.39
1943.18
983.90
1608.25
1063.29
1578.74
1367.79
1227.29
1581.05
1617.02
1781.08
773.26
1203.11
2162.11
1775.48
1841.27
1332.32
1969.67
1715.56
2060.42
1607.86
1560.28
1517.18
1877.29
1497.56
1216.56
1447.07
1493.27
1202.44
671.21
1132.62
1852.15
1256.32
1613.25
1873.62
1772.86
1586.48
894.14
1575.19
1814.59
354.35
1480.84
1448.09
1549.53
1605.69
1155.25
1395.93
728.14
554.01
1301.71
1656.51
2015.97
1915.26
1785.83
1448.56
1575.39
1683.39
1939.93
907.58
1772.36
563.97
948.74
945.11
1461.75
1037.91
1616.69
1326.95
1560.66
1611.97
1664.98
1428.92
1442.62
1743.56
1310.73
1571.81
1930.78
1633.27
1001.55
1311.14
1747.48
1111.36
1374.92
914.45
866.98
1472.62
1784.22
969.97
741.54
1184.67
1720.49
1404.04
1370.10
938.81
1773.63
1563.47
1632.63
1651.00
1455.07
1203.97
731.31
1461.17
963.02
856.93
1838.78
1346.86
1256.14
1985.35
936.59
1424.62
1093.08
920.83
1113.16
1243.38
1567.99
1546.03
776.03
1472.90
1784.85
1453.94
1298.71
1696.71
1519.96
1797.47
1227.03
1033.22
1490.21
1780.59
1279.74
1193.03
1543.37
1209.07
502.50
1609.92
1667.92
835.72
1186.09
1228.80
874.26
1632.94
935.81
1275.60
1109.29
1538.14
1634.20
1689.42
1769.01
1504.22
1490.18
1707.19
1763.25
1654.30
1990.14
1866.08
1558.59
1698.42
1242.52
1551.90
1162.24
1218.92
1735.89
1369.26
1213.99
1713.25
734.03
1776.04
1160.87
1066.74
1082.79
1967.06
1627.42
1515.49
1678.93
1386.85
1590.30
952.90
1346.98
983.04
1510.18
1653.76
1140.23
1423.74
1490.33
1045.84
1244.70
918.78
1565.20
1823.08
807.01
1245.80
737.78
1697.49
469.06
1119.31
846.66
1410.77
1588.86
2041.70
2138.15
1372.64
1280.09
812.73
999.68
1943.26
1521.97
1351.39
1479.58
1522.42
1224.93
1916.37
1493.00
1120.44
2167.27
2131.01
1903.82
1627.58
1549.25
790.32
1614.22
1200.61
1532.96
1462.51
1000.97
534.57
1961.84
1533.86
775.92
1499.67
1679.45
1187.38
1620.98
1939.62
992.69
880.78
1455.69
1779.20
716.40
732.06
624.30
1881.79
1691.96
1379.71
1857.80
1333.54
1873.48
1590.31
1353.05
1635.27
1980.78
1516.81
1256.49
1535.31
902.91
741.34
1549.92
1574.26
1566.79
1497.45
996.18
1841.39
1766.32
1751.35
1797.47
1591.53
1668.69
1447.27
2112.18
1764.83
1169.84
784.04
734.95
1752.35
1161.30
1618.72
1708.46
1508.01
1271.31
1367.53
1312.06
1481.51
812.14
1217.79
1806.73
742.75
1583.65
1122.26
1612.02
1491.80
1302.17
767.29
1491.05
1496.69
1541.11
1510.19
1110.52
1799.55
1315.57
1470.86
1418.64
1813.34
1031.03
1772.54
1804.41
1571.21
554.67
607.88
1797.51
1105.40
822.74
1575.84
905.99
1683.15
1097.36
1466.91
1787.98
1742.14
1547.97
1805.33
1818.11
1298.16
1424.95
1503.24
1605.05
1174.85
1009.04
1525.14
1234.04
1193.04
1570.90
1641.26
1202.90
1578.11
1732.66
793.19
681.44
1683.80
1532.06
1421.62
1730.32
1649.69
1202.59
1094.96
1572.63
1382.69
993.03
1852.39
1484.79
1859.83
1566.43
1792.61
1203.90
1474.23
1712.31
1749.16
2101.66
927.33
645.00
1178.66
1440.81
939.37
705.29
1758.15
1132.75
1815.54
1356.28
1775.17
1800.09
1688.86
954.20
1512.85
1625.25
1217.99
728.07
617.23
1208.81
1853.48
1692.67
697.51
1286.02
1511.43
1734.99
1561.34
1988.96
1990.11
1816.58
1473.67
1972.88
991.83
1186.09
513.76
1661.23
1479.52
1334.96
1529.83
1586.43
2154.85
1819.56
1769.48
1527.51
1404.59
1516.54
1619.76
1950.28
1967.48
1372.69
823.02
1617.96
1477.63
1298.33
1438.33
1461.95
1903.37
1221.12
1058.95
1334.02
495.09
1513.03
1548.05
1513.37
1452.11
1119.77
1185.92
1364.77
1092.48
556.13
1583.82
885.28
1640.98
1062.93
1921.51
679.57
1898.08
1805.22
1668.80
1608.12
1935.57
1261.10
1819.19
518.76
1145.41
2098.42
1014.50
1295.37
1326.52
1607.37
541.09
1432.84
1496.43
1358.25
1839.29
1862.08
376.91
1530.40
525.14
1620.66
1421.65
1589.09
1414.32
1759.09
1860.46
561.16
176.81
1401.17
1102.71
1257.85
1435.89
866.79
1850.60
803.47
1806.67
1547.34
839.32
835.94
1247.37
1689.46
1858.18
678.25
1599.30
1550.74
1153.07
603.79
719.73
1527.77
1249.01
1080.43
1484.57
878.52
1627.87
638.26
1212.22
1757.62
1622.21
2010.14
1594.98
1439.46
886.86
1751.96
714.64
1580.27
1178.15
1570.57
1273.30
1239.05
1480.05
1493.78
1569.79
1475.29
1975.34
1772.51
1894.66
795.26
1788.98
1217.04
1465.32
1953.13
1715.11
1648.38
338.88
1290.82
1250.53
1968.31
1453.91
1866.32
1749.13
804.80
1622.72
1703.40
1792.02
1088.25
1133.17
840.27
1522.69
2119.55
1008.08
1822.42
1568.79
1133.76
690.78
1649.55
854.09
1477.81
545.20
1158.00
1143.71
1279.72
1877.13
1909.14
959.24
1633.19
868.72
693.85
1110.69
1078.21
733.68
1523.45
1757.82
1116.68
1557.70
1196.30
1230.08
1593.38
1414.95
1021.07
1297.97
1395.26
415.57
615.08
1592.19
1133.04
1173.67
1017.83
1344.32
1110.82
954.79
1771.81
812.54
905.47
1405.18
1626.29
1627.97
1242.60
1562.89
1614.29
1598.62
1466.11
1916.38
1334.09
1690.63
1767.48
1058.97
1713.78
1466.10
1919.09
1408.69
1338.85
1713.40
1429.58
1879.81
1965.01
1912.32
1860.19
1595.96
796.02
1572.10
1646.80
1283.70
1295.80
1148.40
1684.57
1922.16
1860.31
1903.00
1419.01
1005.83
1431.14
1623.60
1568.87
1804.64
637.79
1411.75
575.97
1413.09
1985.69
1519.58
1594.98
987.59
839.52
1658.78
1281.89
1080.34
1476.73
1296.56
1923.00
1622.60
670.10
1166.70
1739.06
1333.15
1347.16
1493.71
1471.37
1187.70
726.56
424.86
1816.70
962.82
1741.27
1894.26
1607.29
1464.66
1942.06
926.66
1374.39
1487.19
1317.92
1345.70
638.32
1866.77
1621.40
1490.68
464.46
1128.96
1583.10
1573.21
980.24
1954.85
890.54
759.80
1460.11
1225.07
1785.51
1445.34
1090.78
1968.23
2193.68
1903.04
1403.82
1136.71
604.46
1630.88
1555.58
1701.71
432.53
1781.44
1840.00
1660.50
1624.30
1774.15
928.87
651.70
1735.00
1688.44
1596.53
1458.73
1120.49
1331.21
1109.14
932.01
1911.38
983.49
1388.53
1447.24
1101.40
1162.21
1543.24
1964.34
1368.19
635.62
1447.81
1123.56
1595.63
1551.09
1259.48
1757.86
1437.03
1623.39
1954.35
1470.76
1046.82
1537.42
2127.37
1086.33
1602.09
1514.39
1061.98
738.89
1439.62
1086.74
1553.28
809.03
1377.74
1098.93
1229.00
1549.06
730.04
1409.53
1935.09
841.10
2096.32
939.18
1295.34
943.71
1539.95
1788.83
1362.15
1413.90
1239.05
916.34
729.64
1827.98
1208.97
1866.93
1654.93
1733.87
1045.76
1502.80
1504.45
1876.06
1171.98
1428.58
1685.48
780.62
1860.48
1886.31
1846.28
1786.85
1783.85
1219.50
1704.00
313.77
1394.96
1140.65
1408.16
846.47
2171.88
1352.89
1413.90
957.04
2017.13
990.01
149.30
939.22
1008.91
1889.87
1961.92
1760.66
1644.43
1946.76
1179.09
1545.01
930.84
1240.97
1509.47
912.67
903.30
1705.53
1230.96
708.88
1381.58
1759.48
1415.20
1609.67
1910.13
1245.53
1925.42
1601.54
1462.60
1703.97
1405.44
1079.26
872.47
1160.96
563.84
1609.98
1689.61
1703.60
1514.37
1276.91
1369.32
1295.89
566.50
1852.40
1613.99
1450.28
1787.62
1611.62
1298.59
2212.77
846.47
1286.59
873.84
1694.72
1472.05
955.65
1244.13
1807.48
1741.23
1629.57
1520.82
758.95
2033.07
883.22
1445.43
1503.78
1235.79
1502.93
1336.31
1431.26
1121.77
970.82
1903.64
1590.75
726.55
1788.98
1333.78
1769.08
632.20
1783.28
1538.10
499.50
1192.12
1487.47
304.83
1419.35
1264.93
1302.09
1630.52
1384.81
1286.28
1742.83
2157.51
647.05
1600.07
671.95
1670.17
1414.90
1237.38
1409.07
1598.57
1777.70
1494.83
1494.84
1383.43
1176.58
1752.09
1479.58
1401.14
1238.92
1779.11
482.02
1015.86
1029.83
935.11
1792.67
759.27
1034.54
1807.97
1504.74
1239.52
336.68
1306.26
1125.64
689.19
1113.73
768.93
1570.19
1613.91
1781.59
1446.39
1713.45
821.55
1546.02
1686.01
1629.10
1538.10
2209.62
1247.37
954.30
1381.46
1193.14
1982.22
1794.73
1499.39
932.32
1590.13
632.92
1466.11
805.98
1895.70
1458.40
1410.51
1578.14
1695.84
2059.92
1618.89
177.83
1561.07
1736.34
1129.75
1061.23
1502.11
1567.30
1436.75
929.22
1826.92
1515.90
1526.88
2111.48
2001.34
1535.14
1335.89
1521.18
1656.31
1378.40
316.42
1613.09
1840.08
1432.43
1126.37
1745.62
671.22
558.88
616.30
1831.87
1230.42
